node_num microseconds
25 41
50 160
75 262
100 540
125 1263
150 1375
175 1860
200 1865
225 2622
250 2735
275 3175
300 4165
325 6826
350 8867
375 6532
400 7592
425 10503
450 10979
475 12169
500 11043
525 11094
550 14418
575 13592
600 19203
625 17448
650 18764
675 18610
700 23066
725 26788
750 28842
775 28438
800 30000
825 33833
850 36783
875 45763
900 44470
925 54851
950 46490
975 45593
1000 47371
1025 49918
1050 53520
1075 63241
1100 59413
1125 65394
1150 69525
1175 68118
1200 79379
1225 77414
1250 81735
1275 79949
1300 89978
1325 96060
1350 89428
1375 91615
1400 96197
1425 97437
1450 106657
1475 108746
1500 112588
1525 115911
1550 119570
1575 133049
1600 130844
1625 135303
1650 134922
1675 140700
1700 151368
1725 152531
1750 172537
1775 186587
1800 175330
1825 175242
1850 238779
1875 194263
1900 182532
1925 182427
1950 190986
1975 230556
2000 218547
