node_num microseconds
25 55
50 189
75 244
100 515
125 884
150 1277
175 2170
200 2177
225 2112
250 3962
275 3254
300 5041
325 5612
350 5627
375 8661
400 6588
425 8114
450 7638
475 7067
500 7822
525 10184
550 15009
575 10255
600 11727
625 14332
650 15256
675 13659
700 21806
725 17706
750 25029
775 22395
800 22027
825 24978
850 23622
875 25955
900 27370
925 30505
950 30483
975 34179
1000 34387
1025 35068
1050 37285
1075 45618
1100 42005
1125 40983
1150 44016
1175 52514
1200 60297
1225 49837
1250 53342
1275 55458
1300 59089
1325 62368
1350 58979
1375 76884
1400 63930
1425 71037
1450 71511
1475 81906
1500 82656
1525 82413
1550 85764
1575 98187
1600 93280
1625 97799
1650 99830
1675 99025
1700 106071
1725 110993
1750 107245
1775 118716
1800 129289
1825 129544
1850 123234
1875 127035
1900 132049
1925 132242
1950 140411
1975 146673
2000 148425
