node_num microseconds
25 51
50 228
75 498
100 807
125 1209
150 1089
175 2488
200 2146
225 2641
250 2720
275 3370
300 4705
325 8221
350 8564
375 7249
400 13034
425 13249
450 9781
475 10150
500 11757
525 12768
550 13896
575 15080
600 16295
625 16799
650 18528
675 20690
700 22870
725 21849
750 26329
775 36733
800 26361
825 28231
850 30996
875 31858
900 34080
925 37043
950 45186
975 38725
1000 36668
1025 38026
1050 42547
1075 42693
1100 46146
1125 46314
1150 48505
1175 50541
1200 57931
1225 54719
1250 64125
1275 60247
1300 61250
1325 61532
1350 66686
1375 75436
1400 85428
1425 86855
1450 89167
1475 99606
1500 93177
1525 100598
1550 104761
1575 108050
1600 116035
1625 112135
1650 112881
1675 141188
1700 131050
1725 125836
1750 131647
1775 135879
1800 137743
1825 136807
1850 147043
1875 148863
1900 159757
1925 163505
1950 181892
1975 185298
2000 179416
