node_num microseconds
25 56
50 261
75 371
100 571
125 1117
150 1635
175 2413
200 2911
225 3252
250 5048
275 4699
300 5490
325 8994
350 12506
375 8949
400 9216
425 16427
450 16778
475 15436
500 15142
525 16201
550 19517
575 19388
600 22145
625 22285
650 24591
675 24168
700 26700
725 55947
750 41514
775 35548
800 35937
825 38227
850 44757
875 42093
900 47397
925 48473
950 79467
975 67654
1000 71054
1025 64409
1050 73270
1075 74570
1100 87834
1125 75080
1150 76357
1175 88815
1200 89201
1225 101141
1250 117646
1275 130336
1300 143970
1325 106870
1350 110713
1375 136142
1400 110195
1425 116826
1450 126080
1475 164581
1500 204061
1525 201616
1550 186306
1575 156121
1600 139429
1625 146573
1650 153272
1675 153622
1700 161313
1725 166437
1750 170087
1775 172983
1800 180339
1825 153498
1850 161321
1875 207565
1900 199912
1925 206942
1950 226611
1975 226071
2000 237658
