node_num microseconds
25 35
50 134
75 350
100 491
125 861
150 1306
175 1157
200 1693
225 2157
250 2356
275 3260
300 3228
325 4125
350 7635
375 5790
400 6494
425 7749
450 13005
475 16835
500 17953
525 13572
550 14876
575 14175
600 13645
625 15449
650 14672
675 16146
700 15526
725 18121
750 19111
775 26164
800 22244
825 22062
850 30483
875 25599
900 26890
925 33958
950 29913
975 34998
1000 44121
1025 40498
1050 48473
1075 45394
1100 47627
1125 43164
1150 46299
1175 43232
1200 50294
1225 51780
1250 50508
1275 48875
1300 53504
1325 62753
1350 54968
1375 63086
1400 77140
1425 65220
1450 67577
1475 80227
1500 67533
1525 73882
1550 76185
1575 84072
1600 79576
1625 88817
1650 102937
1675 85377
1700 91067
1725 116144
1750 96288
1775 105274
1800 104566
1825 110736
1850 105764
1875 122581
1900 120255
1925 121762
1950 129383
1975 120344
2000 132961
