node_num microseconds
25 55
50 128
75 216
100 577
125 415
150 556
175 730
200 1004
225 1748
250 1422
275 2274
300 1993
325 3458
350 3520
375 5326
400 3453
425 5325
450 5032
475 5093
500 5433
525 8521
550 6657
575 6581
600 7285
625 7978
650 8367
675 9399
700 9437
725 9985
750 10390
775 10756
800 13325
825 13086
850 13915
875 14973
900 15628
925 19408
950 16403
975 16983
1000 25730
1025 27482
1050 22122
1075 28309
1100 20932
1125 28315
1150 25492
1175 26912
1200 26513
1225 27009
1250 28247
1275 28628
1300 30370
1325 35313
1350 37924
1375 33592
1400 39539
1425 34652
1450 53872
1475 36641
1500 39045
1525 40065
1550 41382
1575 49334
1600 48996
1625 46054
1650 46490
1675 50528
1700 53855
1725 53430
1750 70432
1775 52609
1800 56900
1825 58151
1850 59608
1875 75629
1900 78049
1925 67581
1950 65546
1975 65111
2000 71130
