node_num microseconds
25 37
50 129
75 165
100 289
125 440
150 711
175 725
200 869
225 1681
250 2055
275 1522
300 1903
325 2363
350 4077
375 2788
400 3521
425 4115
450 4816
475 6808
500 5882
525 5981
550 10621
575 6439
600 7437
625 9009
650 8677
675 11241
700 11119
725 12541
750 13506
775 14515
800 21050
825 22640
850 21489
875 18892
900 21717
925 20340
950 20664
975 22794
1000 26516
1025 26676
1050 26955
1075 33363
1100 29002
1125 30778
1150 36416
1175 33983
1200 36601
1225 38158
1250 37411
1275 38515
1300 39015
1325 50952
1350 43273
1375 54436
1400 47367
1425 50175
1450 50601
1475 51807
1500 55772
1525 55701
1550 59028
1575 68291
1600 60824
1625 64434
1650 67905
1675 67964
1700 73927
1725 71023
1750 90511
1775 89108
1800 82347
1825 80274
1850 127296
1875 86968
1900 86370
1925 89105
1950 91667
1975 100491
2000 129630
