node_num microseconds
25 65
50 134
75 259
100 427
125 692
150 748
175 989
200 997
225 1799
250 1557
275 2029
300 2969
325 2769
350 2978
375 3423
400 4221
425 4945
450 5503
475 5992
500 6073
525 7014
550 7119
575 8131
600 8210
625 9171
650 10124
675 11004
700 13285
725 12128
750 13449
775 17710
800 15331
825 15393
850 16869
875 17258
900 18341
925 20548
950 20594
975 20482
1000 20045
1025 22233
1050 25161
1075 23314
1100 23220
1125 25509
1150 31098
1175 29195
1200 29496
1225 29776
1250 31418
1275 32785
1300 32985
1325 36201
1350 36443
1375 47401
1400 45311
1425 45178
1450 54383
1475 50662
1500 54865
1525 53852
1550 56532
1575 58898
1600 66216
1625 59606
1650 63382
1675 69436
1700 64977
1725 67609
1750 73538
1775 71642
1800 79149
1825 72826
1850 78263
1875 79816
1900 80677
1925 88609
1950 106705
1975 113834
2000 93557
