node_num microseconds
25 53
50 143
75 215
100 329
125 461
150 1012
175 859
200 1307
225 2114
250 1655
275 2129
300 2438
325 3192
350 5302
375 4491
400 4644
425 7694
450 8709
475 10149
500 8094
525 8123
550 9288
575 8888
600 9524
625 11902
650 10810
675 11228
700 12271
725 64375
750 17764
775 16935
800 18122
825 22313
850 17721
875 21482
900 23291
925 22743
950 28834
975 31189
1000 31631
1025 26947
1050 29472
1075 30581
1100 39536
1125 40945
1150 34673
1175 41938
1200 44795
1225 40632
1250 59597
1275 50784
1300 61674
1325 45463
1350 49337
1375 53418
1400 56746
1425 48944
1450 52825
1475 69502
1500 82521
1525 92492
1550 66750
1575 61052
1600 73743
1625 65656
1650 77315
1675 64668
1700 68641
1725 72836
1750 72612
1775 77411
1800 73883
1825 70498
1850 69778
1875 88965
1900 87674
1925 94625
1950 88384
1975 93657
2000 99703
