node_num microseconds
25 38
50 118
75 236
100 403
125 651
150 604
175 775
200 1367
225 1204
250 2061
275 1703
300 2521
325 3590
350 2958
375 6684
400 3565
425 3628
450 6593
475 4599
500 5191
525 5605
550 7548
575 6425
600 9146
625 7656
650 7870
675 8535
700 13150
725 9890
750 11603
775 12309
800 12229
825 12843
850 14752
875 15712
900 18489
925 17711
950 16980
975 19940
1000 22073
1025 20772
1050 22040
1075 23497
1100 24903
1125 25259
1150 30647
1175 31994
1200 34618
1225 28712
1250 30867
1275 31699
1300 35966
1325 34563
1350 35201
1375 36614
1400 38750
1425 49984
1450 41251
1475 50969
1500 56509
1525 50623
1550 54771
1575 52977
1600 54934
1625 57177
1650 59608
1675 59991
1700 63156
1725 68328
1750 63005
1775 65398
1800 72068
1825 70865
1850 72461
1875 76647
1900 75620
1925 82129
1950 92333
1975 87450
2000 87585
